000
001
002
003
004
005
006
007
008
009
010
011
012
013
014
015
016
017
018
019
020
021
022
023
026
028
030
031
032
033
036
037
040
041
042
043
044
046
050
051
052
053
054
055
056
060
061
062
063
064
065
066
067
068
069
070
071
072
073
075
076
077
078
080
081
082
083
084
085
086
087
088
090
091
092
093
094
095
096
097
098
099
100
101
102
103
104
105
106
107
108
109
110
111
112
113
114
115
116
117
118
119
120
121
122
123
127
128
130
131
132
133
134
135
136
137
138
139
140
141
143
144
147
148
150
151
152
153
154
155
157
158
160
161
162
163
164
165
166
167
168
170
171
173
174
177
178
179
180
181
183
184
187
188
189
190
191
192
193
194
195
196
197
198
199
200
201
202
203
204
205
206
207
208
209
210
211
212
213
214
215
216
217
218
219
220
221
226
230
231
236
240
241
248
250
251
252
253
254
255
258
260
261
266
267
268
270
271
274
275
276
280
281
286
290
291
294
295
296
300
306
309
310
311
312
313
314
315
316
317
318
319
320
321
326
330
336
340
341
350
356
360
366
370
374
380
381
390
391
395
396
400
406
409
410
411
412
413
414
415
416
417
418
419
420
421
422
423
424
425
426
427
428
429
430
436
439
440
441
442
443
444
445
446
447
448
449
450
460
463
464
466
470
473
474
476
480
481
485
486
487
490
491
495
496
497
499
500
506
509
510
511
512
513
514
515
516
517
518
519
520
521
526
527
528
530
536
539
540
541
546
547
548
550
556
559
560
566
570
573
574
576
580
581
586
587
590
591
595
596
597
599
600
601
602
603
604
605
606
607
608
609
610
611
612
613
614
615
616
617
618
619
620
621
622
623
624
625
626
627
628
629
630
631
632
633
634
635
636
637
638
639
640
641
642
643
644
645
646
647
648
649
650
651
652
653
654
655
656
657
658
659
660
661
662
663
664
665
666
667
668
669
670
671
672
673
674
675
676
677
678
679
680
681
682
683
684
685
686
687
688
689
690
691
692
693
694
695
696
697
698
699
700
706
709
710
711
712
713
714
715
716
717
718
719
720
721
726
730
736
740
741
746
747
748
750
756
759
760
766
770
774
776
780
781
786
790
791
795
796
800
801
802
803
804
805
806
807
808
809
810
811
812
813
814
815
816
817
818
819
820
821
824
825
826
830
831
834
835
836
840
841
842
843
844
845
846
847
848
849
850
851
852
853
854
855
856
857
858
859
860
861
862
863
864
865
866
867
868
869
870
871
874
875
876
880
881
884
885
886
890
891
894
895
896
900
906
909
910
911
913
914
915
916
917
918
919
920
921
926
930
936
940
941
947
948
950
956
959
960
966
970
974
980
981
990
991
995
996