--- 第1窗口（1-5期）---
第6期在本窗口的分布 40%（08） 20%（02,03,07） 0%（14,28）
60%: 10,19
40%: 06,08,12,17,23
20%: 02,03,07,09,13,15,16,20,24,25,27,31,32,33
00%: 01,04,05,11,14,18,21,22,26,28,29,30
---separator---
--- 第2窗口（2-6期）---
第7期在本窗口的分布 60%（19） 40%（02） 20%（14,24,33） 0%（29）
60%: 19
40%: 02,03,06,07,08,10
20%: 09,12,13,14,16,17,20,23,24,25,27,28,31,32,33
00%: 01,04,05,11,15,18,21,22,26,29,30
---separator---
--- 第3窗口（3-7期）---
第8期在本窗口的分布 40%（02,03,33） 20%（10,16,29）
80%: 19
40%: 02,03,07,14,33
20%: 06,08,10,12,13,16,17,20,23,24,25,27,28,29,31,32
00%: 01,04,05,09,11,15,18,21,22,26,30
---separator---
--- 第4窗口（4-8期）---
第9期在本窗口的分布 40%（14） 20%（23） 0%（01,21,22,31）
60%: 02,03,19,33
40%: 07,14,16,29
20%: 08,10,12,13,20,23,24,27,28,32
00%: 01,04,05,06,09,11,15,17,18,21,22,25,26,30,31
---separator---
--- 第5窗口（5-9期）---
第10期在本窗口的分布 40%（16） 20%（21,22,23,31） 0%（27）
60%: 02,03,14
40%: 16,19,29,33
20%: 01,07,08,10,12,20,21,22,23,24,28,31,32
00%: 04,05,06,09,11,13,15,17,18,25,26,27,30
---separator---
--- 第6窗口（6-10期）---
第11期在本窗口的分布 40%（03,29,33） 20%（19,27） 0%（06）
60%: 02,14
40%: 03,16,21,22,23,29,31,33
20%: 01,07,08,10,19,24,27,28
00%: 04,05,06,09,11,12,13,15,17,18,20,25,26,30,32
---separator---
--- 第7窗口（7-11期）---
第12期在本窗口的分布 60%（33） 40%（22） 0%（09,12,15,18）
60%: 29,33
40%: 02,03,14,16,19,21,22,23,27,31
20%: 01,06,10,24
00%: 04,05,07,08,09,11,12,13,15,17,18,20,25,26,28,30,32
---separator---
--- 第8窗口（8-12期）---
第13期在本窗口的分布 60%（22） 40%（03） 20%（01,02） 0%（04,17）
60%: 22,33
40%: 03,16,21,23,27,29,31
20%: 01,02,06,09,10,12,14,15,18,19
00%: 04,05,07,08,11,13,17,20,24,25,26,28,30,32
---separator---
--- 第9窗口（9-13期）---
第14期在本窗口的分布 20%（06,17） 0%（07,10,20,26）
80%: 22
40%: 01,03,21,23,27,31,33
20%: 02,04,06,09,12,14,15,16,17,18,19,29
00%: 05,07,08,10,11,13,20,24,25,26,28,30,32
---separator---
--- 第10窗口（10-14期）---
第15期在本窗口的分布 40%（06,33） 20%（09,10） 0%（13,30）
60%: 22
40%: 03,06,17,27,33
20%: 01,02,04,07,09,10,12,15,16,18,19,20,21,23,26,29,31
00%: 05,08,11,13,14,24,25,28,30,32
---separator---
--- 第11窗口（11-15期）---
第16期在本窗口的分布 40%（10） 20%（07,27） 0%（05,21,24）
60%: 06,33
40%: 03,09,10,17,22
20%: 01,02,04,07,12,13,15,18,19,20,26,27,29,30
00%: 05,08,11,14,16,21,23,24,25,28,31,32
---separator---
--- 第12窗口（12-16期）---
第17期在本窗口的分布 40%（22,33） 20%（02,05,27） 0%（29）
60%: 10
40%: 06,07,09,17,22,33
20%: 01,02,03,04,05,12,13,15,18,20,21,24,26,27,30
00%: 08,11,14,16,19,23,25,28,29,31,32
---separator---
--- 第13窗口（13-17期）---
第18期在本窗口的分布 60%（10） 40%（02） 20%（01） 0%（14,28,31）
60%: 10
40%: 02,05,06,07,17,22,27,33
20%: 01,03,04,09,13,20,21,24,26,29,30
00%: 08,11,12,14,15,16,18,19,23,25,28,31,32
---separator---
--- 第14窗口（14-18期）---
第19期在本窗口的分布 20%（09,30） 0%（04,15,16,25）
80%: 10
40%: 02,05,06,07,27,33
20%: 01,09,13,14,17,20,21,22,24,26,28,29,30,31
00%: 03,04,08,11,12,15,16,18,19,23,25,32
---separator---
--- 第15窗口（15-19期）---
第20期在本窗口的分布 60%（10） 40%（02,09） 20%（06,07） 0%（20）
60%: 10
40%: 02,05,09,27,30,33
20%: 01,04,06,07,13,14,15,16,21,22,24,25,28,29,31
00%: 03,08,11,12,17,18,19,20,23,26,32
---separator---
--- 第16窗口（16-20期）---
第21期在本窗口的分布 60%（10） 20%（04,24） 0%（11,12,13）
60%: 02,10
40%: 05,07,09,27
20%: 01,04,06,14,15,16,20,21,22,24,25,28,29,30,31,33
00%: 03,08,11,12,13,17,18,19,23,26,32
---separator---
--- 第17窗口（17-21期）---
第22期在本窗口的分布 20%（06,14,25,28,30） 0%（18）
60%: 02,10
40%: 04,09
20%: 01,05,06,07,11,12,13,14,15,16,20,22,24,25,27,28,29,30,31,33
00%: 03,08,17,18,19,21,23,26,32
---separator---
--- 第18窗口（18-22期）---
第23期在本窗口的分布 60%（10） 40%（06,09） 20%（07,11） 0%（32）
60%: 10
40%: 02,04,06,09,14,25,28,30
20%: 01,07,11,12,13,15,16,18,20,24,31
00%: 03,05,08,17,19,21,22,23,26,27,29,32,33
---separator---
--- 第19窗口（19-23期）---
第24期在本窗口的分布 60%（06,09） 40%（25） 20%（13） 0%（08,31）
60%: 06,09,10
40%: 04,07,11,25,30
20%: 02,12,13,14,15,16,18,20,24,28,32
00%: 01,03,05,08,17,19,21,22,23,26,27,29,31,33
---separator---
--- 第20窗口（20-24期）---
第25期在本窗口的分布 20%（02,28,30） 0%（19,21,22）
80%: 06
60%: 09,10
40%: 07,11,13,25
20%: 02,04,08,12,14,18,20,24,28,30,31,32
00%: 01,03,05,15,16,17,19,21,22,23,26,27,29,33
---separator---
--- 第21窗口（21-25期）---
第26期在本窗口的分布 40%（10,13） 20%（02,22） 0%（29,33）
60%: 06
40%: 09,10,11,13,25,28,30
20%: 02,04,07,08,12,14,18,19,21,22,24,31,32
00%: 01,03,05,15,16,17,20,23,26,27,29,33
---separator---
--- 第22窗口（22-26期）---
第27期在本窗口的分布 60%（06） 40%（10,13） 20%（14） 0%（15,20）
60%: 06
40%: 02,09,10,13,22,25,28,30
20%: 07,08,11,14,18,19,21,29,31,32,33
00%: 01,03,04,05,12,15,16,17,20,23,24,26,27
---separator---
--- 第23窗口（23-27期）---
第28期在本窗口的分布 60%（06） 40%（22） 20%（28,30） 0%（24,27）
60%: 06,10,13
40%: 02,09,22
20%: 07,08,11,14,15,19,20,21,25,28,29,30,31,32,33
00%: 01,03,04,05,12,16,17,18,23,24,26,27
---separator---
--- 第24窗口（24-28期）---
第29期在本窗口的分布 60%（22） 40%（10） 20%（20） 0%（01,05,17）
60%: 06,13,22
40%: 02,10,28,30
20%: 08,09,14,15,19,20,21,24,25,27,29,31,33
00%: 01,03,04,05,07,11,12,16,17,18,23,26,32
---separator---
--- 第25窗口（25-29期）---
第30期在本窗口的分布 40%（20） 20%（05,19） 0%（07,08,31）
80%: 22
60%: 10
40%: 02,06,13,20,28,30
20%: 01,05,14,15,17,19,21,24,27,29,33
00%: 03,04,07,08,09,11,12,16,18,23,25,26,31,32
---separator---
--- 第26窗口（26-30期）---
第31期在本窗口的分布 20%（02,19,27,30） 0%（04,23）
60%: 10,20,22
40%: 05,06,13
20%: 01,02,07,08,14,15,17,19,24,27,28,29,30,31,33
00%: 03,04,09,11,12,16,18,21,23,25,26,32
---separator---
--- 第27窗口（27-31期）---
第32期在本窗口的分布 40%（22） 20%（02,15） 0%（03,21,33）
60%: 20
40%: 05,06,10,19,22,27,30
20%: 01,02,04,07,08,13,14,15,17,23,24,28,31
00%: 03,09,11,12,16,18,21,25,26,29,32,33
---separator---
--- 第28窗口（28-32期）---
第33期在本窗口的分布 20%（01,23,28） 0%（12,18,25）
60%: 22
40%: 02,05,19,20,27,30
20%: 01,03,04,06,07,08,10,15,17,21,23,24,28,31,33
00%: 09,11,12,13,14,16,18,25,26,29,32
---separator---
--- 第29窗口（29-33期）---
第34期在本窗口的分布 40%（02） 20%（17,25,27） 0%（14,29）
40%: 01,02,05,19,20,22,23
20%: 03,04,07,08,10,12,15,17,18,21,25,27,28,30,31,33
00%: 06,09,11,13,14,16,24,26,29,32
---separator---
--- 第30窗口（30-34期）---
第35期在本窗口的分布 60%（02） 40%（27） 20%（07,30,33） 0%（10）
60%: 02
40%: 19,23,25,27
20%: 01,03,04,05,07,08,12,14,15,17,18,20,21,22,28,29,30,31,33
00%: 06,09,10,11,13,16,24,26,32
---separator---
--- 第31窗口（31-35期）---
第36期在本窗口的分布 40%（33） 20%（03,04,12） 0%（20,32）
80%: 02
60%: 27
40%: 23,25,30,33
20%: 01,03,04,07,10,12,14,15,17,18,19,21,22,28,29
00%: 05,06,08,09,11,13,16,20,24,26,31,32
---separator---
--- 第32窗口（32-36期）---
第37期在本窗口的分布 40%（12） 20%（10,14,20,21） 0%（19）
60%: 02,33
40%: 03,12,25,27
20%: 01,04,07,10,14,15,17,18,20,21,22,23,28,29,30,32
00%: 05,06,08,09,11,13,16,19,24,26,31
---separator---
--- 第33窗口（33-37期）---
第38期在本窗口的分布 60%（12） 40%（02,14） 20%（30） 0%（06,09）
60%: 12
40%: 02,10,14,20,25,27,33
20%: 01,03,04,07,17,18,19,21,23,28,29,30,32
00%: 05,06,08,09,11,13,15,16,22,24,26,31
---separator---
--- 第34窗口（34-38期）---
第39期在本窗口的分布 40%（20） 20%（04,07,21） 0%（08,15）
60%: 02,12,14
40%: 10,20,27,30,33
20%: 03,04,06,07,09,17,19,21,25,29,32
00%: 01,05,08,11,13,15,16,18,22,23,24,26,28,31
---separator---
--- 第35窗口（35-39期）---
第40期在本窗口的分布 40%（30,33） 20%（06,15,32） 0%（17）
60%: 12,20
40%: 02,04,07,10,14,21,30,33
20%: 03,06,08,09,15,19,27,32
00%: 01,05,11,13,16,17,18,22,23,24,25,26,28,29,31
---separator---
--- 第36窗口（36-40期）---
第41期在本窗口的分布 40%（14,15,30,32） 20%（08） 0%（11）
60%: 12,20
40%: 04,06,14,15,21,30,32,33
20%: 02,03,07,08,09,10,17,19
00%: 01,05,11,13,16,18,22,23,24,25,26,27,28,29,31
---separator---
--- 第37窗口（37-41期）---
第42期在本窗口的分布 40%（08） 20%（07,10,19） 0%（03,16）
60%: 14,15,30
40%: 06,08,12,20,21,32
20%: 02,04,07,09,10,11,17,19,33
00%: 01,03,05,13,16,18,22,23,24,25,26,27,28,29,31
---separator---
--- 第38窗口（38-42期）---
第43期在本窗口的分布 40%（06） 20%（03,20） 0%（18,23,28）
60%: 08,15,30
40%: 06,07,14,32
20%: 02,03,04,09,10,11,12,16,17,19,20,21,33
00%: 01,05,13,18,22,23,24,25,26,27,28,29,31
---separator---
--- 第39窗口（39-43期）---
第44期在本窗口的分布 40%（06,32） 20%（04,14,33） 0%（09）
60%: 08,15
40%: 03,06,07,20,30,32
20%: 04,10,11,14,16,17,18,19,21,23,28,33
00%: 01,02,05,09,12,13,22,24,25,26,27,29,31
---separator---
--- 第40窗口（40-44期）---
第45期在本窗口的分布 40%（15） 20%（10,16,17） 0%（27,29）
60%: 06,32
40%: 03,08,14,15,30,33
20%: 04,07,09,10,11,16,17,18,19,20,23,28
00%: 01,02,05,12,13,21,22,24,25,26,27,29,31
---separator---
--- 第41窗口（41-45期）---
第46期在本窗口的分布 40%（06,08,10,14） 20%（33） 0%（24）
40%: 03,06,08,10,14,15,16,32
20%: 04,07,09,11,17,18,19,20,23,27,28,29,30,33
00%: 01,02,05,12,13,21,22,24,25,26,31
---separator---
--- 第42窗口（42-46期）---
第47期在本窗口的分布 40%（14） 20%（15,18,24） 0%（11,21）
60%: 06,10
40%: 03,08,14,16,33
20%: 04,07,09,15,17,18,19,20,23,24,27,28,29,32
00%: 01,02,05,11,12,13,21,22,25,26,30,31
---separator---
--- 第43窗口（43-47期）---
第48期在本窗口的分布 60%（06） 40%（10,24） 20%（08,17） 0%（02）
60%: 06,14
40%: 10,15,18,24,33
20%: 03,04,08,09,11,16,17,20,21,23,27,28,29,32
00%: 01,02,05,07,12,13,19,22,25,26,30,31
---separator---
--- 第44窗口（44-48期）---
第49期在本窗口的分布 60%（06,14,24） 40%（15） 20%（02） 0%（26）
60%: 06,10,14,24
40%: 08,15,17,33
20%: 02,04,09,11,16,18,21,27,29,32
00%: 01,03,05,07,12,13,19,20,22,23,25,26,28,30,31
---separator---
--- 第45窗口（45-49期）---
第50期在本窗口的分布 20%（18,21） 0%（01,03,13,25）
80%: 24
60%: 06,10,14,15
40%: 02,08,17
20%: 11,16,18,21,26,27,29,33
00%: 01,03,04,05,07,09,12,13,19,20,22,23,25,28,30,31,32
---separator---
--- 第46窗口（46-50期）---
最新
80%: 24
60%: 06,14
40%: 02,08,10,15,18,21
20%: 01,03,11,13,17,25,26,33
00%: 04,05,07,09,12,16,19,20,22,23,27,28,29,30,31,32